18 0.077793 0.159764 0.128989 0.319528
18 0.222074 0.162804 0.146277 0.294453
18 0.390957 0.165179 0.162234 0.303951
18 0.567819 0.166366 0.159574 0.301577
18 0.741356 0.165701 0.147606 0.331402
18 0.903590 0.160429 0.142287 0.313450
18 0.092420 0.498813 0.155585 0.301577
18 0.110372 0.833634 0.191489 0.268332
18 0.289894 0.843133 0.140957 0.306326
18 0.486037 0.844985 0.187500 0.310030
18 0.719415 0.840758 0.180851 0.306326
18 0.911569 0.837861 0.155585 0.324278
18 0.908245 0.507124 0.154255 0.275456