18 0.105718 0.507124 0.195479 0.401311
18 0.319814 0.342088 0.001330 0.000000
18 0.220745 0.152047 0.162234 0.304094
18 0.103059 0.187737 0.160904 0.332447
18 0.390957 0.181801 0.138298 0.292078
18 0.573138 0.167482 0.164894 0.334964
18 0.725399 0.155609 0.227394 0.311218
18 0.901596 0.179355 0.164894 0.358710
18 0.908910 0.516622 0.163564 0.263583
18 0.910239 0.837196 0.179521 0.320574
18 0.733378 0.830072 0.182181 0.301577
18 0.488697 0.834821 0.216755 0.296828
18 0.292553 0.820574 0.154255 0.273081
18 0.118351 0.865763 0.178191 0.268474